Graph1.txt
Number of vertices: 10
Number of edges: 13
Is connected: True
Graph center: 5
Graph center eccentricity: 2


Graph2.txt
Number of vertices: 4039
Number of edges: 88234
Is connected: True
Graph center: 567
Graph center eccentricity: 4


Graph3.txt
Number of vertices: 37700
Number of edges: 289003
Is connected: True
Graph center eccentricity: 6
Graph center: total 1113 vertices, see below
15
94
107
120
144
298
321
335
337
345
357
360
506
539
545
557
602
639
683
730
805
846
857
860
904
922
937
975
1001
1089
1096
1187
1205
1228
1318
1343
1388
1407
1461
1483
1485
1501
1686
1730
1783
1866
1880
1923
1949
2078
2129
2158
2223
2275
2281
2328
2333
2410
2425
2442
2453
2481
2483
2493
2569
2597
2614
2682
2683
2714
2718
2767
2812
2816
2854
2855
2883
2897
2952
2980
3081
3157
3160
3169
3195
3218
3221
3236
3250
3284
3352
3363
3398
3401
3405
3424
3508
3520
3530
3542
3568
3577
3594
3595
3637
3712
3776
3785
3840
3867
3953
3983
3994
4158
4163
4174
4187
4191
4200
4217
4235
4261
4299
4302
4309
4316
4328
4394
4397
4459
4464
4569
4573
4595
4673
4683
4741
4780
4796
4879
5044
5175
5187
5300
5302
5326
5351
5419
5430
5479
5485
5590
5629
5673
5694
5800
5859
5896
5905
5916
5917
5949
6025
6042
6083
6134
6139
6165
6177
6183
6212
6228
6261
6268
6310
6368
6386
6417
6425
6436
6472
6478
6528
6574
6580
6600
6603
6616
6700
6711
6729
6751
6756
6797
6848
6871
6952
6957
6984
7074
7095
7126
7145
7152
7195
7213
7237
7246
7339
7363
7384
7417
7486
7497
7500
7504
7507
7547
7587
7795
7826
7852
7884
7947
7951
7989
8014
8061
8162
8163
8165
8256
8262
8333
8396
8416
8458
8462
8482
8503
8518
8542
8549
8569
8570
8576
8648
8659
8666
8683
8729
8732
8779
8787
8808
8876
8900
8927
8933
8993
9015
9046
9049
9066
9075
9129
9166
9169
9201
9239
9240
9532
9555
9664
9666
9688
9694
9748
9761
9780
9826
9921
9922
9923
9936
9942
10001
10060
10080
10118
10179
10204
10227
10281
10332
10352
10397
10402
10403
10444
10487
10497
10506
10510
10528
10532
10550
10567
10636
10689
10737
10757
10846
10856
10876
10877
10922
10924
10963
10994
11027
11044
11046
11051
11067
11081
11116
11124
11225
11271
11283
11301
11328
11542
11544
11588
11655
11670
11692
11715
11745
11814
11828
11843
11876
11926
11928
11943
11969
12051
12070
12085
12102
12134
12135
12182
12188
12191
12230
12237
12340
12345
12346
12396
12446
12461
12469
12483
12506
12525
12604
12670
12704
12714
12894
12902
12932
12992
13013
13058
13146
13163
13270
13294
13318
13328
13339
13367
13466
13472
13504
13551
13589
13622
13625
13638
13647
13664
13708
13729
13774
13833
13872
13902
13922
13932
13978
13994
13998
14003
14020
14021
14063
14098
14099
14127
14242
14273
14277
14300
14306
14319
14332
14334
14409
14479
14484
14488
14586
14603
14606
14631
14637
14644
14666
14700
14712
14749
14764
14790
14800
14809
14828
14864
14879
14923
15093
15181
15199
15258
15291
15313
15436
15516
15525
15586
15612
15621
15669
15680
15715
15750
15751
15779
15843
15906
15940
15990
16020
16087
16105
16106
16117
16166
16181
16341
16355
16390
16392
16401
16428
16463
16524
16539
16546
16600
16678
16703
16709
16723
16726
16743
16768
16774
16801
16809
16860
16878
16896
16911
16969
17014
17038
17126
17307
17330
17389
17394
17456
17458
17471
17497
17587
17651
17675
17677
17723
17778
17814
17825
17847
17850
17875
17899
17954
18008
18021
18038
18060
18084
18091
18100
18147
18149
18160
18163
18180
18207
18280
18405
18550
18554
18562
18564
18571
18606
18658
18701
18710
18790
18804
18810
18910
18916
18918
18960
18975
19018
19024
19028
19088
19098
19145
19151
19153
19170
19215
19222
19253
19358
19407
19424
19454
19475
19701
19720
19736
19841
19851
19882
19957
19962
19970
20047
20084
20094
20097
20123
20173
20178
20196
20282
20330
20367
20393
20434
20442
20502
20513
20531
20666
20692
20707
20756
20766
20773
20780
20786
20788
20840
20919
20922
20956
20963
20972
20974
21029
21099
21112
21199
21210
21236
21262
21284
21309
21368
21375
21397
21435
21504
21508
21527
21566
21758
21774
21831
21854
21901
21930
21953
21975
21979
22028
22061
22062
22063
22102
22119
22152
22165
22170
22171
22191
22201
22218
22322
22329
22333
22345
22353
22420
22423
22504
22533
22584
22594
22638
22729
22793
22847
22849
22854
22858
22881
23071
23166
23191
23204
23209
23277
23281
23329
23342
23344
23430
23431
23438
23469
23578
23593
23664
23685
23694
23764
23791
23793
23798
23840
23881
23914
23938
23942
23972
24010
24072
24116
24129
24225
24237
24280
24283
24299
24333
24343
24347
24351
24419
24514
24552
24568
24595
24609
24612
24650
24718
24720
24758
24791
24839
24841
24905
24906
24939
25057
25095
25102
25109
25115
25177
25180
25238
25244
25256
25294
25298
25323
25398
25469
25477
25498
25504
25510
25606
25706
25715
25739
25812
25818
25819
25825
25883
25899
25908
25967
25985
26005
26007
26065
26085
26159
26163
26176
26190
26196
26201
26206
26252
26280
26321
26322
26338
26340
26389
26409
26427
26448
26463
26486
26569
26591
26595
26614
26638
26649
26666
26694
26731
26786
26861
26873
26898
26906
26913
26956
26958
27031
27051
27101
27116
27152
27163
27223
27233
27286
27314
27323
27334
27370
27391
27400
27449
27450
27474
27565
27633
27736
27803
27839
27851
27874
27904
27911
27912
27985
28008
28034
28100
28155
28180
28235
28333
28337
28365
28368
28397
28403
28422
28477
28494
28522
28542
28636
28645
28671
28822
28931
28947
28962
29011
29055
29106
29123
29143
29174
29178
29188
29200
29218
29290
29295
29310
29348
29357
29363
29397
29418
29422
29495
29509
29515
29543
29584
29632
29633
29647
29715
29748
29772
29778
29790
29813
29877
29975
30002
30030
30185
30189
30199
30200
30253
30263
30264
30301
30309
30318
30373
30422
30491
30493
30510
30596
30628
30669
30670
30720
30757
30767
30779
30802
30814
30818
30819
30835
30852
30882
30948
31005
31018
31034
31041
31044
31057
31107
31115
31126
31135
31141
31149
31170
31176
31192
31197
31255
31261
31365
31375
31395
31428
31517
31659
31681
31725
31890
31922
32026
32044
32097
32099
32107
32124
32143
32284
32286
32296
32318
32451
32456
32564
32580
32657
32710
32714
32736
32753
32794
32845
32874
32924
33029
33095
33096
33128
33198
33216
33222
33296
33388
33478
33531
33536
33553
33590
33596
33708
33837
33847
33888
33915
33927
33947
33959
34015
34069
34088
34089
34206
34230
34297
34300
34302
34335
34372
34390
34426
34429
34447
34468
34485
34523
34569
34603
34627
34642
34666
34689
34693
34695
34786
34794
34797
34804
34818
34857
34860
34979
35008
35013
35073
35076
35106
35118
35134
35224
35253
35266
35366
35447
35452
35472
35474
35668
35670
35756
35773
35791
35822
35882
36011
36055
36057
36091
36100
36136
36239
36259
36262
36344
36398
36421
36435
36473
36486
36528
36562
36578
36581
36582
36586
36610
36628
36637
36652
36726
36731
36747
36785
36818
36819
36820
36857
36909
36922
36934
36961
36977
37003
37082
37087
37107
37141
37147
37157
37195
37224
37270
37448
37462
37471
37562
37605
37651
37672
37690
